Time: 0
mario_big_source: (0.00, 0.00, 0.00)
mario_model_mg: (0.00, 0.00, 0.00)
mario_all_root: (0.00, 0.00, 0.00)
skl_root: (0.00, 5.62, -0.56)
leg_l1: (-1.44, 5.72, -0.25)
leg_l2: (-1.45, 3.64, 1.73)
ankle_l1: (-1.46, 1.67, 2.13)
ankle_l1_end: (-1.86, 2.19, 4.03)
leg_r1: (1.44, 5.72, -0.25)
leg_r2: (1.73, 2.91, -0.76)
ankle_r1: (1.93, 3.05, -2.75)
ankle_r1_end: (1.94, 1.08, -3.16)
spin: (0.00, 6.59, -0.56)
arm_l1: (-2.57, 9.24, -0.99)
arm_l2: (-3.87, 9.19, -2.46)
wrist_l1: (-5.03, 7.75, -2.78)
wrist_l1_end: (-5.76, 6.03, -2.74)
arm_r1: (1.83, 9.79, -0.13)
arm_r2: (3.64, 9.80, -0.90)
wrist_r1: (5.49, 9.96, -0.63)
wrist_r1_end: (6.97, 9.63, 0.47)
head: (-0.54, 10.83, -0.52)
head_end: (-1.49, 10.63, 3.07)
mario_model_mg.001: (0.00, 0.00, 0.00)

Time: 0.01666667
mario_big_source: (0.00, 0.00, 0.00)
mario_model_mg: (0.00, 0.00, 0.00)
mario_all_root: (0.00, 0.00, 0.00)
skl_root: (0.00, 5.62, -0.56)
leg_l1: (-1.44, 5.72, -0.25)
leg_l2: (-1.45, 3.64, 1.73)
ankle_l1: (-1.46, 1.67, 2.13)
ankle_l1_end: (-1.86, 2.19, 4.03)
leg_r1: (1.44, 5.72, -0.25)
leg_r2: (1.73, 2.91, -0.76)
ankle_r1: (1.93, 3.05, -2.75)
ankle_r1_end: (1.94, 1.08, -3.16)
spin: (0.00, 6.59, -0.56)
arm_l1: (-2.57, 9.24, -0.99)
arm_l2: (-3.87, 9.19, -2.46)
wrist_l1: (-5.03, 7.75, -2.78)
wrist_l1_end: (-5.76, 6.03, -2.74)
arm_r1: (1.83, 9.79, -0.13)
arm_r2: (3.64, 9.80, -0.90)
wrist_r1: (5.49, 9.96, -0.63)
wrist_r1_end: (6.97, 9.63, 0.47)
head: (-0.54, 10.83, -0.52)
head_end: (-1.49, 10.63, 3.07)
mario_model_mg.001: (0.00, 0.00, 0.00)

Time: 0.03333334
mario_big_source: (0.00, 0.00, 0.00)
mario_model_mg: (0.00, 0.00, 0.00)
mario_all_root: (0.00, 0.00, 0.00)
skl_root: (0.00, 5.62, -0.56)
leg_l1: (-1.44, 5.72, -0.25)
leg_l2: (-1.45, 3.64, 1.73)
ankle_l1: (-1.46, 1.67, 2.13)
ankle_l1_end: (-1.86, 2.19, 4.03)
leg_r1: (1.44, 5.72, -0.25)
leg_r2: (1.73, 2.91, -0.76)
ankle_r1: (1.93, 3.05, -2.75)
ankle_r1_end: (1.94, 1.08, -3.16)
spin: (0.00, 6.59, -0.56)
arm_l1: (-2.57, 9.24, -0.99)
arm_l2: (-3.87, 9.19, -2.46)
wrist_l1: (-5.03, 7.75, -2.78)
wrist_l1_end: (-5.76, 6.03, -2.74)
arm_r1: (1.83, 9.79, -0.13)
arm_r2: (3.64, 9.80, -0.90)
wrist_r1: (5.49, 9.96, -0.63)
wrist_r1_end: (6.97, 9.63, 0.47)
head: (-0.54, 10.83, -0.52)
head_end: (-1.49, 10.63, 3.07)
mario_model_mg.001: (0.00, 0.00, 0.00)

Time: 0.05000001
mario_big_source: (0.00, 0.00, 0.00)
mario_model_mg: (0.00, 0.00, 0.00)
mario_all_root: (0.00, 0.00, 0.00)
skl_root: (0.00, 5.62, -0.56)
leg_l1: (-1.44, 5.72, -0.25)
leg_l2: (-1.45, 3.64, 1.73)
ankle_l1: (-1.46, 1.67, 2.13)
ankle_l1_end: (-1.86, 2.19, 4.03)
leg_r1: (1.44, 5.72, -0.25)
leg_r2: (1.73, 2.91, -0.76)
ankle_r1: (1.93, 3.05, -2.75)
ankle_r1_end: (1.94, 1.08, -3.16)
spin: (0.00, 6.59, -0.56)
arm_l1: (-2.57, 9.24, -0.99)
arm_l2: (-3.87, 9.19, -2.46)
wrist_l1: (-5.03, 7.75, -2.78)
wrist_l1_end: (-5.76, 6.03, -2.74)
arm_r1: (1.83, 9.79, -0.13)
arm_r2: (3.64, 9.80, -0.90)
wrist_r1: (5.49, 9.96, -0.63)
wrist_r1_end: (6.97, 9.63, 0.47)
head: (-0.54, 10.83, -0.52)
head_end: (-1.49, 10.63, 3.07)
mario_model_mg.001: (0.00, 0.00, 0.00)

Time: 0.06666668
mario_big_source: (0.00, 0.00, 0.00)
mario_model_mg: (0.00, 0.00, 0.00)
mario_all_root: (0.00, 0.00, 0.00)
skl_root: (0.00, 5.62, -0.56)
leg_l1: (-1.44, 5.72, -0.25)
leg_l2: (-1.45, 3.64, 1.73)
ankle_l1: (-1.46, 1.67, 2.13)
ankle_l1_end: (-1.86, 2.19, 4.03)
leg_r1: (1.44, 5.72, -0.25)
leg_r2: (1.73, 2.91, -0.76)
ankle_r1: (1.93, 3.05, -2.75)
ankle_r1_end: (1.94, 1.08, -3.16)
spin: (0.00, 6.59, -0.56)
arm_l1: (-2.57, 9.24, -0.99)
arm_l2: (-3.87, 9.19, -2.46)
wrist_l1: (-5.03, 7.75, -2.78)
wrist_l1_end: (-5.76, 6.03, -2.74)
arm_r1: (1.83, 9.79, -0.13)
arm_r2: (3.64, 9.80, -0.90)
wrist_r1: (5.49, 9.96, -0.63)
wrist_r1_end: (6.97, 9.63, 0.47)
head: (-0.54, 10.83, -0.52)
head_end: (-1.49, 10.63, 3.07)
mario_model_mg.001: (0.00, 0.00, 0.00)

Time: 0.08333334
mario_big_source: (0.00, 0.00, 0.00)
mario_model_mg: (0.00, 0.00, 0.00)
mario_all_root: (0.00, 0.00, 0.00)
skl_root: (0.00, 5.62, -0.56)
leg_l1: (-1.44, 5.72, -0.25)
leg_l2: (-1.45, 3.64, 1.73)
ankle_l1: (-1.46, 1.67, 2.13)
ankle_l1_end: (-1.86, 2.19, 4.03)
leg_r1: (1.44, 5.72, -0.25)
leg_r2: (1.73, 2.91, -0.76)
ankle_r1: (1.93, 3.05, -2.75)
ankle_r1_end: (1.94, 1.08, -3.16)
spin: (0.00, 6.59, -0.56)
arm_l1: (-2.57, 9.24, -0.99)
arm_l2: (-3.87, 9.19, -2.46)
wrist_l1: (-5.03, 7.75, -2.78)
wrist_l1_end: (-5.76, 6.03, -2.74)
arm_r1: (1.83, 9.79, -0.13)
arm_r2: (3.64, 9.80, -0.90)
wrist_r1: (5.49, 9.96, -0.63)
wrist_r1_end: (6.97, 9.63, 0.47)
head: (-0.54, 10.83, -0.52)
head_end: (-1.49, 10.63, 3.07)
mario_model_mg.001: (0.00, 0.00, 0.00)

Time: 0.1
mario_big_source: (0.00, 0.00, 0.00)
mario_model_mg: (0.00, 0.00, 0.00)
mario_all_root: (0.00, 0.00, 0.00)
skl_root: (0.00, 5.62, -0.56)
leg_l1: (-1.44, 5.72, -0.25)
leg_l2: (-1.45, 3.64, 1.73)
ankle_l1: (-1.46, 1.67, 2.13)
ankle_l1_end: (-1.86, 2.19, 4.03)
leg_r1: (1.44, 5.72, -0.25)
leg_r2: (1.73, 2.91, -0.76)
ankle_r1: (1.93, 3.05, -2.75)
ankle_r1_end: (1.94, 1.08, -3.16)
spin: (0.00, 6.59, -0.56)
arm_l1: (-2.57, 9.24, -0.99)
arm_l2: (-3.87, 9.19, -2.46)
wrist_l1: (-5.03, 7.75, -2.78)
wrist_l1_end: (-5.76, 6.03, -2.74)
arm_r1: (1.83, 9.79, -0.13)
arm_r2: (3.64, 9.80, -0.90)
wrist_r1: (5.49, 9.96, -0.63)
wrist_r1_end: (6.97, 9.63, 0.47)
head: (-0.54, 10.83, -0.52)
head_end: (-1.49, 10.63, 3.07)
mario_model_mg.001: (0.00, 0.00, 0.00)

Time: 0.1166667
mario_big_source: (0.00, 0.00, 0.00)
mario_model_mg: (0.00, 0.00, 0.00)
mario_all_root: (0.00, 0.00, 0.00)
skl_root: (0.00, 5.62, -0.56)
leg_l1: (-1.44, 5.72, -0.25)
leg_l2: (-1.45, 3.64, 1.73)
ankle_l1: (-1.46, 1.67, 2.13)
ankle_l1_end: (-1.86, 2.19, 4.03)
leg_r1: (1.44, 5.72, -0.25)
leg_r2: (1.73, 2.91, -0.76)
ankle_r1: (1.93, 3.05, -2.75)
ankle_r1_end: (1.94, 1.08, -3.16)
spin: (0.00, 6.59, -0.56)
arm_l1: (-2.57, 9.24, -0.99)
arm_l2: (-3.87, 9.19, -2.46)
wrist_l1: (-5.03, 7.75, -2.78)
wrist_l1_end: (-5.76, 6.03, -2.74)
arm_r1: (1.83, 9.79, -0.13)
arm_r2: (3.64, 9.80, -0.90)
wrist_r1: (5.49, 9.96, -0.63)
wrist_r1_end: (6.97, 9.63, 0.47)
head: (-0.54, 10.83, -0.52)
head_end: (-1.49, 10.63, 3.07)
mario_model_mg.001: (0.00, 0.00, 0.00)

Time: 0.1333333
mario_big_source: (0.00, 0.00, 0.00)
mario_model_mg: (0.00, 0.00, 0.00)
mario_all_root: (0.00, 0.00, 0.00)
skl_root: (0.00, 5.62, -0.56)
leg_l1: (-1.44, 5.72, -0.25)
leg_l2: (-1.45, 3.64, 1.73)
ankle_l1: (-1.46, 1.67, 2.13)
ankle_l1_end: (-1.86, 2.19, 4.03)
leg_r1: (1.44, 5.72, -0.25)
leg_r2: (1.73, 2.91, -0.76)
ankle_r1: (1.93, 3.05, -2.75)
ankle_r1_end: (1.94, 1.08, -3.16)
spin: (0.00, 6.59, -0.56)
arm_l1: (-2.57, 9.24, -0.99)
arm_l2: (-3.87, 9.19, -2.46)
wrist_l1: (-5.03, 7.75, -2.78)
wrist_l1_end: (-5.76, 6.03, -2.74)
arm_r1: (1.83, 9.79, -0.13)
arm_r2: (3.64, 9.80, -0.90)
wrist_r1: (5.49, 9.96, -0.63)
wrist_r1_end: (6.97, 9.63, 0.47)
head: (-0.54, 10.83, -0.52)
head_end: (-1.49, 10.63, 3.07)
mario_model_mg.001: (0.00, 0.00, 0.00)

Time: 0.15
mario_big_source: (0.00, 0.00, 0.00)
mario_model_mg: (0.00, 0.00, 0.00)
mario_all_root: (0.00, 0.00, 0.00)
skl_root: (0.00, 5.62, -0.56)
leg_l1: (-1.44, 5.72, -0.25)
leg_l2: (-1.45, 3.64, 1.73)
ankle_l1: (-1.46, 1.67, 2.13)
ankle_l1_end: (-1.86, 2.19, 4.03)
leg_r1: (1.44, 5.72, -0.25)
leg_r2: (1.73, 2.91, -0.76)
ankle_r1: (1.93, 3.05, -2.75)
ankle_r1_end: (1.94, 1.08, -3.16)
spin: (0.00, 6.59, -0.56)
arm_l1: (-2.57, 9.24, -0.99)
arm_l2: (-3.87, 9.19, -2.46)
wrist_l1: (-5.03, 7.75, -2.78)
wrist_l1_end: (-5.76, 6.03, -2.74)
arm_r1: (1.83, 9.79, -0.13)
arm_r2: (3.64, 9.80, -0.90)
wrist_r1: (5.49, 9.96, -0.63)
wrist_r1_end: (6.97, 9.63, 0.47)
head: (-0.54, 10.83, -0.52)
head_end: (-1.49, 10.63, 3.07)
mario_model_mg.001: (0.00, 0.00, 0.00)

Time: 0.1666667
mario_big_source: (0.00, 0.00, 0.00)
mario_model_mg: (0.00, 0.00, 0.00)
mario_all_root: (0.00, 0.00, 0.00)
skl_root: (0.00, 5.62, -0.56)
leg_l1: (-1.44, 5.72, -0.25)
leg_l2: (-1.45, 3.64, 1.73)
ankle_l1: (-1.46, 1.67, 2.13)
ankle_l1_end: (-1.86, 2.19, 4.03)
leg_r1: (1.44, 5.72, -0.25)
leg_r2: (1.73, 2.91, -0.76)
ankle_r1: (1.93, 3.05, -2.75)
ankle_r1_end: (1.94, 1.08, -3.16)
spin: (0.00, 6.59, -0.56)
arm_l1: (-2.57, 9.24, -0.99)
arm_l2: (-3.87, 9.19, -2.46)
wrist_l1: (-5.03, 7.75, -2.78)
wrist_l1_end: (-5.76, 6.03, -2.74)
arm_r1: (1.83, 9.79, -0.13)
arm_r2: (3.64, 9.80, -0.90)
wrist_r1: (5.49, 9.96, -0.63)
wrist_r1_end: (6.97, 9.63, 0.47)
head: (-0.54, 10.83, -0.52)
head_end: (-1.49, 10.63, 3.07)
mario_model_mg.001: (0.00, 0.00, 0.00)

Time: 0.1833333
mario_big_source: (0.00, 0.00, 0.00)
mario_model_mg: (0.00, 0.00, 0.00)
mario_all_root: (0.00, 0.00, 0.00)
skl_root: (0.00, 5.62, -0.56)
leg_l1: (-1.44, 5.72, -0.25)
leg_l2: (-1.45, 3.64, 1.73)
ankle_l1: (-1.46, 1.67, 2.13)
ankle_l1_end: (-1.86, 2.19, 4.03)
leg_r1: (1.44, 5.72, -0.25)
leg_r2: (1.73, 2.91, -0.76)
ankle_r1: (1.93, 3.05, -2.75)
ankle_r1_end: (1.94, 1.08, -3.16)
spin: (0.00, 6.59, -0.56)
arm_l1: (-2.57, 9.24, -0.99)
arm_l2: (-3.87, 9.19, -2.46)
wrist_l1: (-5.03, 7.75, -2.78)
wrist_l1_end: (-5.76, 6.03, -2.74)
arm_r1: (1.83, 9.79, -0.13)
arm_r2: (3.64, 9.80, -0.90)
wrist_r1: (5.49, 9.96, -0.63)
wrist_r1_end: (6.97, 9.63, 0.47)
head: (-0.54, 10.83, -0.52)
head_end: (-1.49, 10.63, 3.07)
mario_model_mg.001: (0.00, 0.00, 0.00)

Time: 0.2
mario_big_source: (0.00, 0.00, 0.00)
mario_model_mg: (0.00, 0.00, 0.00)
mario_all_root: (0.00, 0.00, 0.00)
skl_root: (0.00, 5.62, -0.56)
leg_l1: (-1.44, 5.72, -0.25)
leg_l2: (-1.45, 3.64, 1.73)
ankle_l1: (-1.46, 1.67, 2.13)
ankle_l1_end: (-1.86, 2.19, 4.03)
leg_r1: (1.44, 5.72, -0.25)
leg_r2: (1.73, 2.91, -0.76)
ankle_r1: (1.93, 3.05, -2.75)
ankle_r1_end: (1.94, 1.08, -3.16)
spin: (0.00, 6.59, -0.56)
arm_l1: (-2.57, 9.24, -0.99)
arm_l2: (-3.87, 9.19, -2.46)
wrist_l1: (-5.03, 7.75, -2.78)
wrist_l1_end: (-5.76, 6.03, -2.74)
arm_r1: (1.83, 9.79, -0.13)
arm_r2: (3.64, 9.80, -0.90)
wrist_r1: (5.49, 9.96, -0.63)
wrist_r1_end: (6.97, 9.63, 0.47)
head: (-0.54, 10.83, -0.52)
head_end: (-1.49, 10.63, 3.07)
mario_model_mg.001: (0.00, 0.00, 0.00)

Time: 0.2166667
mario_big_source: (0.00, 0.00, 0.00)
mario_model_mg: (0.00, 0.00, 0.00)
mario_all_root: (0.00, 0.00, 0.00)
skl_root: (0.00, 5.62, -0.56)
leg_l1: (-1.44, 5.72, -0.25)
leg_l2: (-1.45, 3.64, 1.73)
ankle_l1: (-1.46, 1.67, 2.13)
ankle_l1_end: (-1.86, 2.19, 4.03)
leg_r1: (1.44, 5.72, -0.25)
leg_r2: (1.73, 2.91, -0.76)
ankle_r1: (1.93, 3.05, -2.75)
ankle_r1_end: (1.94, 1.08, -3.16)
spin: (0.00, 6.59, -0.56)
arm_l1: (-2.57, 9.24, -0.99)
arm_l2: (-3.87, 9.19, -2.46)
wrist_l1: (-5.03, 7.75, -2.78)
wrist_l1_end: (-5.76, 6.03, -2.74)
arm_r1: (1.83, 9.79, -0.13)
arm_r2: (3.64, 9.80, -0.90)
wrist_r1: (5.49, 9.96, -0.63)
wrist_r1_end: (6.97, 9.63, 0.47)
head: (-0.54, 10.83, -0.52)
head_end: (-1.49, 10.63, 3.07)
mario_model_mg.001: (0.00, 0.00, 0.00)

Time: 0.2333333
mario_big_source: (0.00, 0.00, 0.00)
mario_model_mg: (0.00, 0.00, 0.00)
mario_all_root: (0.00, 0.00, 0.00)
skl_root: (0.00, 5.62, -0.56)
leg_l1: (-1.44, 5.72, -0.25)
leg_l2: (-1.45, 3.64, 1.73)
ankle_l1: (-1.46, 1.67, 2.13)
ankle_l1_end: (-1.86, 2.19, 4.03)
leg_r1: (1.44, 5.72, -0.25)
leg_r2: (1.73, 2.91, -0.76)
ankle_r1: (1.93, 3.05, -2.75)
ankle_r1_end: (1.94, 1.08, -3.16)
spin: (0.00, 6.59, -0.56)
arm_l1: (-2.57, 9.24, -0.99)
arm_l2: (-3.87, 9.19, -2.46)
wrist_l1: (-5.03, 7.75, -2.78)
wrist_l1_end: (-5.76, 6.03, -2.74)
arm_r1: (1.83, 9.79, -0.13)
arm_r2: (3.64, 9.80, -0.90)
wrist_r1: (5.49, 9.96, -0.63)
wrist_r1_end: (6.97, 9.63, 0.47)
head: (-0.54, 10.83, -0.52)
head_end: (-1.49, 10.63, 3.07)
mario_model_mg.001: (0.00, 0.00, 0.00)

Time: 0.25
mario_big_source: (0.00, 0.00, 0.00)
mario_model_mg: (0.00, 0.00, 0.00)
mario_all_root: (0.00, 0.00, 0.00)
skl_root: (0.00, 5.62, -0.56)
leg_l1: (-1.44, 5.72, -0.25)
leg_l2: (-1.45, 3.64, 1.73)
ankle_l1: (-1.46, 1.67, 2.13)
ankle_l1_end: (-1.86, 2.19, 4.03)
leg_r1: (1.44, 5.72, -0.25)
leg_r2: (1.73, 2.91, -0.76)
ankle_r1: (1.93, 3.05, -2.75)
ankle_r1_end: (1.94, 1.08, -3.16)
spin: (0.00, 6.59, -0.56)
arm_l1: (-2.57, 9.24, -0.99)
arm_l2: (-3.87, 9.19, -2.46)
wrist_l1: (-5.03, 7.75, -2.78)
wrist_l1_end: (-5.76, 6.03, -2.74)
arm_r1: (1.83, 9.79, -0.13)
arm_r2: (3.64, 9.80, -0.90)
wrist_r1: (5.49, 9.96, -0.63)
wrist_r1_end: (6.97, 9.63, 0.47)
head: (-0.54, 10.83, -0.52)
head_end: (-1.49, 10.63, 3.07)
mario_model_mg.001: (0.00, 0.00, 0.00)

Time: 0.2666667
mario_big_source: (0.00, 0.00, 0.00)
mario_model_mg: (0.00, 0.00, 0.00)
mario_all_root: (0.00, 0.00, 0.00)
skl_root: (0.00, 5.62, -0.56)
leg_l1: (-1.44, 5.72, -0.25)
leg_l2: (-1.45, 3.64, 1.73)
ankle_l1: (-1.46, 1.67, 2.13)
ankle_l1_end: (-1.86, 2.19, 4.03)
leg_r1: (1.44, 5.72, -0.25)
leg_r2: (1.73, 2.91, -0.76)
ankle_r1: (1.93, 3.05, -2.75)
ankle_r1_end: (1.94, 1.08, -3.16)
spin: (0.00, 6.59, -0.56)
arm_l1: (-2.57, 9.24, -0.99)
arm_l2: (-3.87, 9.19, -2.46)
wrist_l1: (-5.03, 7.75, -2.78)
wrist_l1_end: (-5.76, 6.03, -2.74)
arm_r1: (1.83, 9.79, -0.13)
arm_r2: (3.64, 9.80, -0.90)
wrist_r1: (5.49, 9.96, -0.63)
wrist_r1_end: (6.97, 9.63, 0.47)
head: (-0.54, 10.83, -0.52)
head_end: (-1.49, 10.63, 3.07)
mario_model_mg.001: (0.00, 0.00, 0.00)

Time: 0.2833334
mario_big_source: (0.00, 0.00, 0.00)
mario_model_mg: (0.00, 0.00, 0.00)
mario_all_root: (0.00, 0.00, 0.00)
skl_root: (0.00, 5.62, -0.56)
leg_l1: (-1.44, 5.72, -0.25)
leg_l2: (-1.45, 3.64, 1.73)
ankle_l1: (-1.46, 1.67, 2.13)
ankle_l1_end: (-1.86, 2.19, 4.03)
leg_r1: (1.44, 5.72, -0.25)
leg_r2: (1.73, 2.91, -0.76)
ankle_r1: (1.93, 3.05, -2.75)
ankle_r1_end: (1.94, 1.08, -3.16)
spin: (0.00, 6.59, -0.56)
arm_l1: (-2.57, 9.24, -0.99)
arm_l2: (-3.87, 9.19, -2.46)
wrist_l1: (-5.03, 7.75, -2.78)
wrist_l1_end: (-5.76, 6.03, -2.74)
arm_r1: (1.83, 9.79, -0.13)
arm_r2: (3.64, 9.80, -0.90)
wrist_r1: (5.49, 9.96, -0.63)
wrist_r1_end: (6.97, 9.63, 0.47)
head: (-0.54, 10.83, -0.52)
head_end: (-1.49, 10.63, 3.07)
mario_model_mg.001: (0.00, 0.00, 0.00)

Time: 0.3
mario_big_source: (0.00, 0.00, 0.00)
mario_model_mg: (0.00, 0.00, 0.00)
mario_all_root: (0.00, 0.00, 0.00)
skl_root: (0.00, 5.62, -0.56)
leg_l1: (-1.44, 5.72, -0.25)
leg_l2: (-1.45, 3.64, 1.73)
ankle_l1: (-1.46, 1.67, 2.13)
ankle_l1_end: (-1.86, 2.19, 4.03)
leg_r1: (1.44, 5.72, -0.25)
leg_r2: (1.73, 2.91, -0.76)
ankle_r1: (1.93, 3.05, -2.75)
ankle_r1_end: (1.94, 1.08, -3.16)
spin: (0.00, 6.59, -0.56)
arm_l1: (-2.57, 9.24, -0.99)
arm_l2: (-3.87, 9.19, -2.46)
wrist_l1: (-5.03, 7.75, -2.78)
wrist_l1_end: (-5.76, 6.03, -2.74)
arm_r1: (1.83, 9.79, -0.13)
arm_r2: (3.64, 9.80, -0.90)
wrist_r1: (5.49, 9.96, -0.63)
wrist_r1_end: (6.97, 9.63, 0.47)
head: (-0.54, 10.83, -0.52)
head_end: (-1.49, 10.63, 3.07)
mario_model_mg.001: (0.00, 0.00, 0.00)

Time: 0.3166667
mario_big_source: (0.00, 0.00, 0.00)
mario_model_mg: (0.00, 0.00, 0.00)
mario_all_root: (0.00, 0.00, 0.00)
skl_root: (0.00, 5.62, -0.56)
leg_l1: (-1.44, 5.72, -0.25)
leg_l2: (-1.45, 3.64, 1.73)
ankle_l1: (-1.46, 1.67, 2.13)
ankle_l1_end: (-1.86, 2.19, 4.03)
leg_r1: (1.44, 5.72, -0.25)
leg_r2: (1.73, 2.91, -0.76)
ankle_r1: (1.93, 3.05, -2.75)
ankle_r1_end: (1.94, 1.08, -3.16)
spin: (0.00, 6.59, -0.56)
arm_l1: (-2.57, 9.24, -0.99)
arm_l2: (-3.87, 9.19, -2.46)
wrist_l1: (-5.03, 7.75, -2.78)
wrist_l1_end: (-5.76, 6.03, -2.74)
arm_r1: (1.83, 9.79, -0.13)
arm_r2: (3.64, 9.80, -0.90)
wrist_r1: (5.49, 9.96, -0.63)
wrist_r1_end: (6.97, 9.63, 0.47)
head: (-0.54, 10.83, -0.52)
head_end: (-1.49, 10.63, 3.07)
mario_model_mg.001: (0.00, 0.00, 0.00)

Time: 0.3333334
mario_big_source: (0.00, 0.00, 0.00)
mario_model_mg: (0.00, 0.00, 0.00)
mario_all_root: (0.00, 0.00, 0.00)
skl_root: (0.00, 5.62, -0.56)
leg_l1: (-1.44, 5.72, -0.25)
leg_l2: (-1.45, 3.64, 1.73)
ankle_l1: (-1.46, 1.67, 2.13)
ankle_l1_end: (-1.86, 2.19, 4.03)
leg_r1: (1.44, 5.72, -0.25)
leg_r2: (1.73, 2.91, -0.76)
ankle_r1: (1.93, 3.05, -2.75)
ankle_r1_end: (1.94, 1.08, -3.16)
spin: (0.00, 6.59, -0.56)
arm_l1: (-2.57, 9.24, -0.99)
arm_l2: (-3.87, 9.19, -2.46)
wrist_l1: (-5.03, 7.75, -2.78)
wrist_l1_end: (-5.76, 6.03, -2.74)
arm_r1: (1.83, 9.79, -0.13)
arm_r2: (3.64, 9.80, -0.90)
wrist_r1: (5.49, 9.96, -0.63)
wrist_r1_end: (6.97, 9.63, 0.47)
head: (-0.54, 10.83, -0.52)
head_end: (-1.49, 10.63, 3.07)
mario_model_mg.001: (0.00, 0.00, 0.00)

Time: 0.3500001
mario_big_source: (0.00, 0.00, 0.00)
mario_model_mg: (0.00, 0.00, 0.00)
mario_all_root: (0.00, 0.00, 0.00)
skl_root: (0.00, 5.62, -0.56)
leg_l1: (-1.44, 5.72, -0.25)
leg_l2: (-1.45, 3.64, 1.73)
ankle_l1: (-1.46, 1.67, 2.13)
ankle_l1_end: (-1.86, 2.19, 4.03)
leg_r1: (1.44, 5.72, -0.25)
leg_r2: (1.73, 2.91, -0.76)
ankle_r1: (1.93, 3.05, -2.75)
ankle_r1_end: (1.94, 1.08, -3.16)
spin: (0.00, 6.59, -0.56)
arm_l1: (-2.57, 9.24, -0.99)
arm_l2: (-3.87, 9.19, -2.46)
wrist_l1: (-5.03, 7.75, -2.78)
wrist_l1_end: (-5.76, 6.03, -2.74)
arm_r1: (1.83, 9.79, -0.13)
arm_r2: (3.64, 9.80, -0.90)
wrist_r1: (5.49, 9.96, -0.63)
wrist_r1_end: (6.97, 9.63, 0.47)
head: (-0.54, 10.83, -0.52)
head_end: (-1.49, 10.63, 3.07)
mario_model_mg.001: (0.00, 0.00, 0.00)

Time: 0.3666668
mario_big_source: (0.00, 0.00, 0.00)
mario_model_mg: (0.00, 0.00, 0.00)
mario_all_root: (0.00, 0.00, 0.00)
skl_root: (0.00, 5.62, -0.56)
leg_l1: (-1.44, 5.72, -0.25)
leg_l2: (-1.45, 3.64, 1.73)
ankle_l1: (-1.46, 1.67, 2.13)
ankle_l1_end: (-1.86, 2.19, 4.03)
leg_r1: (1.44, 5.72, -0.25)
leg_r2: (1.73, 2.91, -0.76)
ankle_r1: (1.93, 3.05, -2.75)
ankle_r1_end: (1.94, 1.08, -3.16)
spin: (0.00, 6.59, -0.56)
arm_l1: (-2.57, 9.24, -0.99)
arm_l2: (-3.87, 9.19, -2.46)
wrist_l1: (-5.03, 7.75, -2.78)
wrist_l1_end: (-5.76, 6.03, -2.74)
arm_r1: (1.83, 9.79, -0.13)
arm_r2: (3.64, 9.80, -0.90)
wrist_r1: (5.49, 9.96, -0.63)
wrist_r1_end: (6.97, 9.63, 0.47)
head: (-0.54, 10.83, -0.52)
head_end: (-1.49, 10.63, 3.07)
mario_model_mg.001: (0.00, 0.00, 0.00)

Time: 0.3833334
mario_big_source: (0.00, 0.00, 0.00)
mario_model_mg: (0.00, 0.00, 0.00)
mario_all_root: (0.00, 0.00, 0.00)
skl_root: (0.00, 5.62, -0.56)
leg_l1: (-1.44, 5.72, -0.25)
leg_l2: (-1.45, 3.64, 1.73)
ankle_l1: (-1.46, 1.67, 2.13)
ankle_l1_end: (-1.86, 2.19, 4.03)
leg_r1: (1.44, 5.72, -0.25)
leg_r2: (1.73, 2.91, -0.76)
ankle_r1: (1.93, 3.05, -2.75)
ankle_r1_end: (1.94, 1.08, -3.16)
spin: (0.00, 6.59, -0.56)
arm_l1: (-2.57, 9.24, -0.99)
arm_l2: (-3.87, 9.19, -2.46)
wrist_l1: (-5.03, 7.75, -2.78)
wrist_l1_end: (-5.76, 6.03, -2.74)
arm_r1: (1.83, 9.79, -0.13)
arm_r2: (3.64, 9.80, -0.90)
wrist_r1: (5.49, 9.96, -0.63)
wrist_r1_end: (6.97, 9.63, 0.47)
head: (-0.54, 10.83, -0.52)
head_end: (-1.49, 10.63, 3.07)
mario_model_mg.001: (0.00, 0.00, 0.00)

Time: 0.4000001
mario_big_source: (0.00, 0.00, 0.00)
mario_model_mg: (0.00, 0.00, 0.00)
mario_all_root: (0.00, 0.00, 0.00)
skl_root: (0.00, 5.62, -0.56)
leg_l1: (-1.44, 5.72, -0.25)
leg_l2: (-1.45, 3.64, 1.73)
ankle_l1: (-1.46, 1.67, 2.13)
ankle_l1_end: (-1.86, 2.19, 4.03)
leg_r1: (1.44, 5.72, -0.25)
leg_r2: (1.73, 2.91, -0.76)
ankle_r1: (1.93, 3.05, -2.75)
ankle_r1_end: (1.94, 1.08, -3.16)
spin: (0.00, 6.59, -0.56)
arm_l1: (-2.57, 9.24, -0.99)
arm_l2: (-3.87, 9.19, -2.46)
wrist_l1: (-5.03, 7.75, -2.78)
wrist_l1_end: (-5.76, 6.03, -2.74)
arm_r1: (1.83, 9.79, -0.13)
arm_r2: (3.64, 9.80, -0.90)
wrist_r1: (5.49, 9.96, -0.63)
wrist_r1_end: (6.97, 9.63, 0.47)
head: (-0.54, 10.83, -0.52)
head_end: (-1.49, 10.63, 3.07)
mario_model_mg.001: (0.00, 0.00, 0.00)

Time: 0.4166668
mario_big_source: (0.00, 0.00, 0.00)
mario_model_mg: (0.00, 0.00, 0.00)
mario_all_root: (0.00, 0.00, 0.00)
skl_root: (0.00, 5.62, -0.56)
leg_l1: (-1.44, 5.72, -0.25)
leg_l2: (-1.45, 3.64, 1.73)
ankle_l1: (-1.46, 1.67, 2.13)
ankle_l1_end: (-1.86, 2.19, 4.03)
leg_r1: (1.44, 5.72, -0.25)
leg_r2: (1.73, 2.91, -0.76)
ankle_r1: (1.93, 3.05, -2.75)
ankle_r1_end: (1.94, 1.08, -3.16)
spin: (0.00, 6.59, -0.56)
arm_l1: (-2.57, 9.24, -0.99)
arm_l2: (-3.87, 9.19, -2.46)
wrist_l1: (-5.03, 7.75, -2.78)
wrist_l1_end: (-5.76, 6.03, -2.74)
arm_r1: (1.83, 9.79, -0.13)
arm_r2: (3.64, 9.80, -0.90)
wrist_r1: (5.49, 9.96, -0.63)
wrist_r1_end: (6.97, 9.63, 0.47)
head: (-0.54, 10.83, -0.52)
head_end: (-1.49, 10.63, 3.07)
mario_model_mg.001: (0.00, 0.00, 0.00)

Time: 0.4333335
mario_big_source: (0.00, 0.00, 0.00)
mario_model_mg: (0.00, 0.00, 0.00)
mario_all_root: (0.00, 0.00, 0.00)
skl_root: (0.00, 5.62, -0.56)
leg_l1: (-1.44, 5.72, -0.25)
leg_l2: (-1.45, 3.64, 1.73)
ankle_l1: (-1.46, 1.67, 2.13)
ankle_l1_end: (-1.86, 2.19, 4.03)
leg_r1: (1.44, 5.72, -0.25)
leg_r2: (1.73, 2.91, -0.76)
ankle_r1: (1.93, 3.05, -2.75)
ankle_r1_end: (1.94, 1.08, -3.16)
spin: (0.00, 6.59, -0.56)
arm_l1: (-2.57, 9.24, -0.99)
arm_l2: (-3.87, 9.19, -2.46)
wrist_l1: (-5.03, 7.75, -2.78)
wrist_l1_end: (-5.76, 6.03, -2.74)
arm_r1: (1.83, 9.79, -0.13)
arm_r2: (3.64, 9.80, -0.90)
wrist_r1: (5.49, 9.96, -0.63)
wrist_r1_end: (6.97, 9.63, 0.47)
head: (-0.54, 10.83, -0.52)
head_end: (-1.49, 10.63, 3.07)
mario_model_mg.001: (0.00, 0.00, 0.00)

Time: 0.4500002
mario_big_source: (0.00, 0.00, 0.00)
mario_model_mg: (0.00, 0.00, 0.00)
mario_all_root: (0.00, 0.00, 0.00)
skl_root: (0.00, 5.62, -0.56)
leg_l1: (-1.44, 5.72, -0.25)
leg_l2: (-1.45, 3.64, 1.73)
ankle_l1: (-1.46, 1.67, 2.13)
ankle_l1_end: (-1.86, 2.19, 4.03)
leg_r1: (1.44, 5.72, -0.25)
leg_r2: (1.73, 2.91, -0.76)
ankle_r1: (1.93, 3.05, -2.75)
ankle_r1_end: (1.94, 1.08, -3.16)
spin: (0.00, 6.59, -0.56)
arm_l1: (-2.57, 9.24, -0.99)
arm_l2: (-3.87, 9.19, -2.46)
wrist_l1: (-5.03, 7.75, -2.78)
wrist_l1_end: (-5.76, 6.03, -2.74)
arm_r1: (1.83, 9.79, -0.13)
arm_r2: (3.64, 9.80, -0.90)
wrist_r1: (5.49, 9.96, -0.63)
wrist_r1_end: (6.97, 9.63, 0.47)
head: (-0.54, 10.83, -0.52)
head_end: (-1.49, 10.63, 3.07)
mario_model_mg.001: (0.00, 0.00, 0.00)

Time: 0.4666668
mario_big_source: (0.00, 0.00, 0.00)
mario_model_mg: (0.00, 0.00, 0.00)
mario_all_root: (0.00, 0.00, 0.00)
skl_root: (0.00, 5.62, -0.56)
leg_l1: (-1.44, 5.72, -0.25)
leg_l2: (-1.45, 3.64, 1.73)
ankle_l1: (-1.46, 1.67, 2.13)
ankle_l1_end: (-1.86, 2.19, 4.03)
leg_r1: (1.44, 5.72, -0.25)
leg_r2: (1.73, 2.91, -0.76)
ankle_r1: (1.93, 3.05, -2.75)
ankle_r1_end: (1.94, 1.08, -3.16)
spin: (0.00, 6.59, -0.56)
arm_l1: (-2.57, 9.24, -0.99)
arm_l2: (-3.87, 9.19, -2.46)
wrist_l1: (-5.03, 7.75, -2.78)
wrist_l1_end: (-5.76, 6.03, -2.74)
arm_r1: (1.83, 9.79, -0.13)
arm_r2: (3.64, 9.80, -0.90)
wrist_r1: (5.49, 9.96, -0.63)
wrist_r1_end: (6.97, 9.63, 0.47)
head: (-0.54, 10.83, -0.52)
head_end: (-1.49, 10.63, 3.07)
mario_model_mg.001: (0.00, 0.00, 0.00)

Time: 0.4833335
mario_big_source: (0.00, 0.00, 0.00)
mario_model_mg: (0.00, 0.00, 0.00)
mario_all_root: (0.00, 0.00, 0.00)
skl_root: (0.00, 5.62, -0.56)
leg_l1: (-1.44, 5.72, -0.25)
leg_l2: (-1.45, 3.64, 1.73)
ankle_l1: (-1.46, 1.67, 2.13)
ankle_l1_end: (-1.86, 2.19, 4.03)
leg_r1: (1.44, 5.72, -0.25)
leg_r2: (1.73, 2.91, -0.76)
ankle_r1: (1.93, 3.05, -2.75)
ankle_r1_end: (1.94, 1.08, -3.16)
spin: (0.00, 6.59, -0.56)
arm_l1: (-2.57, 9.24, -0.99)
arm_l2: (-3.87, 9.19, -2.46)
wrist_l1: (-5.03, 7.75, -2.78)
wrist_l1_end: (-5.76, 6.03, -2.74)
arm_r1: (1.83, 9.79, -0.13)
arm_r2: (3.64, 9.80, -0.90)
wrist_r1: (5.49, 9.96, -0.63)
wrist_r1_end: (6.97, 9.63, 0.47)
head: (-0.54, 10.83, -0.52)
head_end: (-1.49, 10.63, 3.07)
mario_model_mg.001: (0.00, 0.00, 0.00)

Time: 0.5000002
mario_big_source: (0.00, 0.00, 0.00)
mario_model_mg: (0.00, 0.00, 0.00)
mario_all_root: (0.00, 0.00, 0.00)
skl_root: (0.00, 5.62, -0.56)
leg_l1: (-1.44, 5.72, -0.25)
leg_l2: (-1.45, 3.64, 1.73)
ankle_l1: (-1.46, 1.67, 2.13)
ankle_l1_end: (-1.86, 2.19, 4.03)
leg_r1: (1.44, 5.72, -0.25)
leg_r2: (1.73, 2.91, -0.76)
ankle_r1: (1.93, 3.05, -2.75)
ankle_r1_end: (1.94, 1.08, -3.16)
spin: (0.00, 6.59, -0.56)
arm_l1: (-2.57, 9.24, -0.99)
arm_l2: (-3.87, 9.19, -2.46)
wrist_l1: (-5.03, 7.75, -2.78)
wrist_l1_end: (-5.76, 6.03, -2.74)
arm_r1: (1.83, 9.79, -0.13)
arm_r2: (3.64, 9.80, -0.90)
wrist_r1: (5.49, 9.96, -0.63)
wrist_r1_end: (6.97, 9.63, 0.47)
head: (-0.54, 10.83, -0.52)
head_end: (-1.49, 10.63, 3.07)
mario_model_mg.001: (0.00, 0.00, 0.00)

Time: 0.5166668
mario_big_source: (0.00, 0.00, 0.00)
mario_model_mg: (0.00, 0.00, 0.00)
mario_all_root: (0.00, 0.00, 0.00)
skl_root: (0.00, 5.62, -0.56)
leg_l1: (-1.44, 5.72, -0.25)
leg_l2: (-1.45, 3.64, 1.73)
ankle_l1: (-1.46, 1.67, 2.13)
ankle_l1_end: (-1.86, 2.19, 4.03)
leg_r1: (1.44, 5.72, -0.25)
leg_r2: (1.73, 2.91, -0.76)
ankle_r1: (1.93, 3.05, -2.75)
ankle_r1_end: (1.94, 1.08, -3.16)
spin: (0.00, 6.59, -0.56)
arm_l1: (-2.57, 9.24, -0.99)
arm_l2: (-3.87, 9.19, -2.46)
wrist_l1: (-5.03, 7.75, -2.78)
wrist_l1_end: (-5.76, 6.03, -2.74)
arm_r1: (1.83, 9.79, -0.13)
arm_r2: (3.64, 9.80, -0.90)
wrist_r1: (5.49, 9.96, -0.63)
wrist_r1_end: (6.97, 9.63, 0.47)
head: (-0.54, 10.83, -0.52)
head_end: (-1.49, 10.63, 3.07)
mario_model_mg.001: (0.00, 0.00, 0.00)

Time: 0.5333335
mario_big_source: (0.00, 0.00, 0.00)
mario_model_mg: (0.00, 0.00, 0.00)
mario_all_root: (0.00, 0.00, 0.00)
skl_root: (0.00, 5.62, -0.56)
leg_l1: (-1.44, 5.72, -0.25)
leg_l2: (-1.45, 3.64, 1.73)
ankle_l1: (-1.46, 1.67, 2.13)
ankle_l1_end: (-1.86, 2.19, 4.03)
leg_r1: (1.44, 5.72, -0.25)
leg_r2: (1.73, 2.91, -0.76)
ankle_r1: (1.93, 3.05, -2.75)
ankle_r1_end: (1.94, 1.08, -3.16)
spin: (0.00, 6.59, -0.56)
arm_l1: (-2.57, 9.24, -0.99)
arm_l2: (-3.87, 9.19, -2.46)
wrist_l1: (-5.03, 7.75, -2.78)
wrist_l1_end: (-5.76, 6.03, -2.74)
arm_r1: (1.83, 9.79, -0.13)
arm_r2: (3.64, 9.80, -0.90)
wrist_r1: (5.49, 9.96, -0.63)
wrist_r1_end: (6.97, 9.63, 0.47)
head: (-0.54, 10.83, -0.52)
head_end: (-1.49, 10.63, 3.07)
mario_model_mg.001: (0.00, 0.00, 0.00)

Time: 0.5500001
mario_big_source: (0.00, 0.00, 0.00)
mario_model_mg: (0.00, 0.00, 0.00)
mario_all_root: (0.00, 0.00, 0.00)
skl_root: (0.00, 5.62, -0.56)
leg_l1: (-1.44, 5.72, -0.25)
leg_l2: (-1.45, 3.64, 1.73)
ankle_l1: (-1.46, 1.67, 2.13)
ankle_l1_end: (-1.86, 2.19, 4.03)
leg_r1: (1.44, 5.72, -0.25)
leg_r2: (1.73, 2.91, -0.76)
ankle_r1: (1.93, 3.05, -2.75)
ankle_r1_end: (1.94, 1.08, -3.16)
spin: (0.00, 6.59, -0.56)
arm_l1: (-2.57, 9.24, -0.99)
arm_l2: (-3.87, 9.19, -2.46)
wrist_l1: (-5.03, 7.75, -2.78)
wrist_l1_end: (-5.76, 6.03, -2.74)
arm_r1: (1.83, 9.79, -0.13)
arm_r2: (3.64, 9.80, -0.90)
wrist_r1: (5.49, 9.96, -0.63)
wrist_r1_end: (6.97, 9.63, 0.47)
head: (-0.54, 10.83, -0.52)
head_end: (-1.49, 10.63, 3.07)
mario_model_mg.001: (0.00, 0.00, 0.00)

Time: 0.5666668
mario_big_source: (0.00, 0.00, 0.00)
mario_model_mg: (0.00, 0.00, 0.00)
mario_all_root: (0.00, 0.00, 0.00)
skl_root: (0.00, 5.62, -0.56)
leg_l1: (-1.44, 5.72, -0.25)
leg_l2: (-1.45, 3.64, 1.73)
ankle_l1: (-1.46, 1.67, 2.13)
ankle_l1_end: (-1.86, 2.19, 4.03)
leg_r1: (1.44, 5.72, -0.25)
leg_r2: (1.73, 2.91, -0.76)
ankle_r1: (1.93, 3.05, -2.75)
ankle_r1_end: (1.94, 1.08, -3.16)
spin: (0.00, 6.59, -0.56)
arm_l1: (-2.57, 9.24, -0.99)
arm_l2: (-3.87, 9.19, -2.46)
wrist_l1: (-5.03, 7.75, -2.78)
wrist_l1_end: (-5.76, 6.03, -2.74)
arm_r1: (1.83, 9.79, -0.13)
arm_r2: (3.64, 9.80, -0.90)
wrist_r1: (5.49, 9.96, -0.63)
wrist_r1_end: (6.97, 9.63, 0.47)
head: (-0.54, 10.83, -0.52)
head_end: (-1.49, 10.63, 3.07)
mario_model_mg.001: (0.00, 0.00, 0.00)

Time: 0.5833334
mario_big_source: (0.00, 0.00, 0.00)
mario_model_mg: (0.00, 0.00, 0.00)
mario_all_root: (0.00, 0.00, 0.00)
skl_root: (0.00, 5.62, -0.56)
leg_l1: (-1.44, 5.72, -0.25)
leg_l2: (-1.45, 3.64, 1.73)
ankle_l1: (-1.46, 1.67, 2.13)
ankle_l1_end: (-1.86, 2.19, 4.03)
leg_r1: (1.44, 5.72, -0.25)
leg_r2: (1.73, 2.91, -0.76)
ankle_r1: (1.93, 3.05, -2.75)
ankle_r1_end: (1.94, 1.08, -3.16)
spin: (0.00, 6.59, -0.56)
arm_l1: (-2.57, 9.24, -0.99)
arm_l2: (-3.87, 9.19, -2.46)
wrist_l1: (-5.03, 7.75, -2.78)
wrist_l1_end: (-5.76, 6.03, -2.74)
arm_r1: (1.83, 9.79, -0.13)
arm_r2: (3.64, 9.80, -0.90)
wrist_r1: (5.49, 9.96, -0.63)
wrist_r1_end: (6.97, 9.63, 0.47)
head: (-0.54, 10.83, -0.52)
head_end: (-1.49, 10.63, 3.07)
mario_model_mg.001: (0.00, 0.00, 0.00)

Time: 0.6000001
mario_big_source: (0.00, 0.00, 0.00)
mario_model_mg: (0.00, 0.00, 0.00)
mario_all_root: (0.00, 0.00, 0.00)
skl_root: (0.00, 5.62, -0.56)
leg_l1: (-1.44, 5.72, -0.25)
leg_l2: (-1.45, 3.64, 1.73)
ankle_l1: (-1.46, 1.67, 2.13)
ankle_l1_end: (-1.86, 2.19, 4.03)
leg_r1: (1.44, 5.72, -0.25)
leg_r2: (1.73, 2.91, -0.76)
ankle_r1: (1.93, 3.05, -2.75)
ankle_r1_end: (1.94, 1.08, -3.16)
spin: (0.00, 6.59, -0.56)
arm_l1: (-2.57, 9.24, -0.99)
arm_l2: (-3.87, 9.19, -2.46)
wrist_l1: (-5.03, 7.75, -2.78)
wrist_l1_end: (-5.76, 6.03, -2.74)
arm_r1: (1.83, 9.79, -0.13)
arm_r2: (3.64, 9.80, -0.90)
wrist_r1: (5.49, 9.96, -0.63)
wrist_r1_end: (6.97, 9.63, 0.47)
head: (-0.54, 10.83, -0.52)
head_end: (-1.49, 10.63, 3.07)
mario_model_mg.001: (0.00, 0.00, 0.00)

Time: 0.6166667
mario_big_source: (0.00, 0.00, 0.00)
mario_model_mg: (0.00, 0.00, 0.00)
mario_all_root: (0.00, 0.00, 0.00)
skl_root: (0.00, 5.62, -0.56)
leg_l1: (-1.44, 5.72, -0.25)
leg_l2: (-1.45, 3.64, 1.73)
ankle_l1: (-1.46, 1.67, 2.13)
ankle_l1_end: (-1.86, 2.19, 4.03)
leg_r1: (1.44, 5.72, -0.25)
leg_r2: (1.73, 2.91, -0.76)
ankle_r1: (1.93, 3.05, -2.75)
ankle_r1_end: (1.94, 1.08, -3.16)
spin: (0.00, 6.59, -0.56)
arm_l1: (-2.57, 9.24, -0.99)
arm_l2: (-3.87, 9.19, -2.46)
wrist_l1: (-5.03, 7.75, -2.78)
wrist_l1_end: (-5.76, 6.03, -2.74)
arm_r1: (1.83, 9.79, -0.13)
arm_r2: (3.64, 9.80, -0.90)
wrist_r1: (5.49, 9.96, -0.63)
wrist_r1_end: (6.97, 9.63, 0.47)
head: (-0.54, 10.83, -0.52)
head_end: (-1.49, 10.63, 3.07)
mario_model_mg.001: (0.00, 0.00, 0.00)

Time: 0.6333334
mario_big_source: (0.00, 0.00, 0.00)
mario_model_mg: (0.00, 0.00, 0.00)
mario_all_root: (0.00, 0.00, 0.00)
skl_root: (0.00, 5.62, -0.56)
leg_l1: (-1.44, 5.72, -0.25)
leg_l2: (-1.45, 3.64, 1.73)
ankle_l1: (-1.46, 1.67, 2.13)
ankle_l1_end: (-1.86, 2.19, 4.03)
leg_r1: (1.44, 5.72, -0.25)
leg_r2: (1.73, 2.91, -0.76)
ankle_r1: (1.93, 3.05, -2.75)
ankle_r1_end: (1.94, 1.08, -3.16)
spin: (0.00, 6.59, -0.56)
arm_l1: (-2.57, 9.24, -0.99)
arm_l2: (-3.87, 9.19, -2.46)
wrist_l1: (-5.03, 7.75, -2.78)
wrist_l1_end: (-5.76, 6.03, -2.74)
arm_r1: (1.83, 9.79, -0.13)
arm_r2: (3.64, 9.80, -0.90)
wrist_r1: (5.49, 9.96, -0.63)
wrist_r1_end: (6.97, 9.63, 0.47)
head: (-0.54, 10.83, -0.52)
head_end: (-1.49, 10.63, 3.07)
mario_model_mg.001: (0.00, 0.00, 0.00)

Time: 0.65
mario_big_source: (0.00, 0.00, 0.00)
mario_model_mg: (0.00, 0.00, 0.00)
mario_all_root: (0.00, 0.00, 0.00)
skl_root: (0.00, 5.62, -0.56)
leg_l1: (-1.44, 5.72, -0.25)
leg_l2: (-1.45, 3.64, 1.73)
ankle_l1: (-1.46, 1.67, 2.13)
ankle_l1_end: (-1.86, 2.19, 4.03)
leg_r1: (1.44, 5.72, -0.25)
leg_r2: (1.73, 2.91, -0.76)
ankle_r1: (1.93, 3.05, -2.75)
ankle_r1_end: (1.94, 1.08, -3.16)
spin: (0.00, 6.59, -0.56)
arm_l1: (-2.57, 9.24, -0.99)
arm_l2: (-3.87, 9.19, -2.46)
wrist_l1: (-5.03, 7.75, -2.78)
wrist_l1_end: (-5.76, 6.03, -2.74)
arm_r1: (1.83, 9.79, -0.13)
arm_r2: (3.64, 9.80, -0.90)
wrist_r1: (5.49, 9.96, -0.63)
wrist_r1_end: (6.97, 9.63, 0.47)
head: (-0.54, 10.83, -0.52)
head_end: (-1.49, 10.63, 3.07)
mario_model_mg.001: (0.00, 0.00, 0.00)

Time: 0.6666667
mario_big_source: (0.00, 0.00, 0.00)
mario_model_mg: (0.00, 0.00, 0.00)
mario_all_root: (0.00, 0.00, 0.00)
skl_root: (0.00, 5.62, -0.56)
leg_l1: (-1.44, 5.72, -0.25)
leg_l2: (-1.45, 3.64, 1.73)
ankle_l1: (-1.46, 1.67, 2.13)
ankle_l1_end: (-1.86, 2.19, 4.03)
leg_r1: (1.44, 5.72, -0.25)
leg_r2: (1.73, 2.91, -0.76)
ankle_r1: (1.93, 3.05, -2.75)
ankle_r1_end: (1.94, 1.08, -3.16)
spin: (0.00, 6.59, -0.56)
arm_l1: (-2.57, 9.24, -0.99)
arm_l2: (-3.87, 9.19, -2.46)
wrist_l1: (-5.03, 7.75, -2.78)
wrist_l1_end: (-5.76, 6.03, -2.74)
arm_r1: (1.83, 9.79, -0.13)
arm_r2: (3.64, 9.80, -0.90)
wrist_r1: (5.49, 9.96, -0.63)
wrist_r1_end: (6.97, 9.63, 0.47)
head: (-0.54, 10.83, -0.52)
head_end: (-1.49, 10.63, 3.07)
mario_model_mg.001: (0.00, 0.00, 0.00)

Time: 0.6833333
mario_big_source: (0.00, 0.00, 0.00)
mario_model_mg: (0.00, 0.00, 0.00)
mario_all_root: (0.00, 0.00, 0.00)
skl_root: (0.00, 5.62, -0.56)
leg_l1: (-1.44, 5.72, -0.25)
leg_l2: (-1.45, 3.64, 1.73)
ankle_l1: (-1.46, 1.67, 2.13)
ankle_l1_end: (-1.86, 2.19, 4.03)
leg_r1: (1.44, 5.72, -0.25)
leg_r2: (1.73, 2.91, -0.76)
ankle_r1: (1.93, 3.05, -2.75)
ankle_r1_end: (1.94, 1.08, -3.16)
spin: (0.00, 6.59, -0.56)
arm_l1: (-2.57, 9.24, -0.99)
arm_l2: (-3.87, 9.19, -2.46)
wrist_l1: (-5.03, 7.75, -2.78)
wrist_l1_end: (-5.76, 6.03, -2.74)
arm_r1: (1.83, 9.79, -0.13)
arm_r2: (3.64, 9.80, -0.90)
wrist_r1: (5.49, 9.96, -0.63)
wrist_r1_end: (6.97, 9.63, 0.47)
head: (-0.54, 10.83, -0.52)
head_end: (-1.49, 10.63, 3.07)
mario_model_mg.001: (0.00, 0.00, 0.00)

Time: 0.7
mario_big_source: (0.00, 0.00, 0.00)
mario_model_mg: (0.00, 0.00, 0.00)
mario_all_root: (0.00, 0.00, 0.00)
skl_root: (0.00, 5.62, -0.56)
leg_l1: (-1.44, 5.72, -0.25)
leg_l2: (-1.45, 3.64, 1.73)
ankle_l1: (-1.46, 1.67, 2.13)
ankle_l1_end: (-1.86, 2.19, 4.03)
leg_r1: (1.44, 5.72, -0.25)
leg_r2: (1.73, 2.91, -0.76)
ankle_r1: (1.93, 3.05, -2.75)
ankle_r1_end: (1.94, 1.08, -3.16)
spin: (0.00, 6.59, -0.56)
arm_l1: (-2.57, 9.24, -0.99)
arm_l2: (-3.87, 9.19, -2.46)
wrist_l1: (-5.03, 7.75, -2.78)
wrist_l1_end: (-5.76, 6.03, -2.74)
arm_r1: (1.83, 9.79, -0.13)
arm_r2: (3.64, 9.80, -0.90)
wrist_r1: (5.49, 9.96, -0.63)
wrist_r1_end: (6.97, 9.63, 0.47)
head: (-0.54, 10.83, -0.52)
head_end: (-1.49, 10.63, 3.07)
mario_model_mg.001: (0.00, 0.00, 0.00)

Time: 0.7166666
mario_big_source: (0.00, 0.00, 0.00)
mario_model_mg: (0.00, 0.00, 0.00)
mario_all_root: (0.00, 0.00, 0.00)
skl_root: (0.00, 5.62, -0.56)
leg_l1: (-1.44, 5.72, -0.25)
leg_l2: (-1.45, 3.64, 1.73)
ankle_l1: (-1.46, 1.67, 2.13)
ankle_l1_end: (-1.86, 2.19, 4.03)
leg_r1: (1.44, 5.72, -0.25)
leg_r2: (1.73, 2.91, -0.76)
ankle_r1: (1.93, 3.05, -2.75)
ankle_r1_end: (1.94, 1.08, -3.16)
spin: (0.00, 6.59, -0.56)
arm_l1: (-2.57, 9.24, -0.99)
arm_l2: (-3.87, 9.19, -2.46)
wrist_l1: (-5.03, 7.75, -2.78)
wrist_l1_end: (-5.76, 6.03, -2.74)
arm_r1: (1.83, 9.79, -0.13)
arm_r2: (3.64, 9.80, -0.90)
wrist_r1: (5.49, 9.96, -0.63)
wrist_r1_end: (6.97, 9.63, 0.47)
head: (-0.54, 10.83, -0.52)
head_end: (-1.49, 10.63, 3.07)
mario_model_mg.001: (0.00, 0.00, 0.00)

Time: 0.7333333
mario_big_source: (0.00, 0.00, 0.00)
mario_model_mg: (0.00, 0.00, 0.00)
mario_all_root: (0.00, 0.00, 0.00)
skl_root: (0.00, 5.62, -0.56)
leg_l1: (-1.44, 5.72, -0.25)
leg_l2: (-1.45, 3.64, 1.73)
ankle_l1: (-1.46, 1.67, 2.13)
ankle_l1_end: (-1.86, 2.19, 4.03)
leg_r1: (1.44, 5.72, -0.25)
leg_r2: (1.73, 2.91, -0.76)
ankle_r1: (1.93, 3.05, -2.75)
ankle_r1_end: (1.94, 1.08, -3.16)
spin: (0.00, 6.59, -0.56)
arm_l1: (-2.57, 9.24, -0.99)
arm_l2: (-3.87, 9.19, -2.46)
wrist_l1: (-5.03, 7.75, -2.78)
wrist_l1_end: (-5.76, 6.03, -2.74)
arm_r1: (1.83, 9.79, -0.13)
arm_r2: (3.64, 9.80, -0.90)
wrist_r1: (5.49, 9.96, -0.63)
wrist_r1_end: (6.97, 9.63, 0.47)
head: (-0.54, 10.83, -0.52)
head_end: (-1.49, 10.63, 3.07)
mario_model_mg.001: (0.00, 0.00, 0.00)

Time: 0.7499999
mario_big_source: (0.00, 0.00, 0.00)
mario_model_mg: (0.00, 0.00, 0.00)
mario_all_root: (0.00, 0.00, 0.00)
skl_root: (0.00, 5.62, -0.56)
leg_l1: (-1.44, 5.72, -0.25)
leg_l2: (-1.45, 3.64, 1.73)
ankle_l1: (-1.46, 1.67, 2.13)
ankle_l1_end: (-1.86, 2.19, 4.03)
leg_r1: (1.44, 5.72, -0.25)
leg_r2: (1.73, 2.91, -0.76)
ankle_r1: (1.93, 3.05, -2.75)
ankle_r1_end: (1.94, 1.08, -3.16)
spin: (0.00, 6.59, -0.56)
arm_l1: (-2.57, 9.24, -0.99)
arm_l2: (-3.87, 9.19, -2.46)
wrist_l1: (-5.03, 7.75, -2.78)
wrist_l1_end: (-5.76, 6.03, -2.74)
arm_r1: (1.83, 9.79, -0.13)
arm_r2: (3.64, 9.80, -0.90)
wrist_r1: (5.49, 9.96, -0.63)
wrist_r1_end: (6.97, 9.63, 0.47)
head: (-0.54, 10.83, -0.52)
head_end: (-1.49, 10.63, 3.07)
mario_model_mg.001: (0.00, 0.00, 0.00)

Time: 0.7666666
mario_big_source: (0.00, 0.00, 0.00)
mario_model_mg: (0.00, 0.00, 0.00)
mario_all_root: (0.00, 0.00, 0.00)
skl_root: (0.00, 5.62, -0.56)
leg_l1: (-1.44, 5.72, -0.25)
leg_l2: (-1.45, 3.64, 1.73)
ankle_l1: (-1.46, 1.67, 2.13)
ankle_l1_end: (-1.86, 2.19, 4.03)
leg_r1: (1.44, 5.72, -0.25)
leg_r2: (1.73, 2.91, -0.76)
ankle_r1: (1.93, 3.05, -2.75)
ankle_r1_end: (1.94, 1.08, -3.16)
spin: (0.00, 6.59, -0.56)
arm_l1: (-2.57, 9.24, -0.99)
arm_l2: (-3.87, 9.19, -2.46)
wrist_l1: (-5.03, 7.75, -2.78)
wrist_l1_end: (-5.76, 6.03, -2.74)
arm_r1: (1.83, 9.79, -0.13)
arm_r2: (3.64, 9.80, -0.90)
wrist_r1: (5.49, 9.96, -0.63)
wrist_r1_end: (6.97, 9.63, 0.47)
head: (-0.54, 10.83, -0.52)
head_end: (-1.49, 10.63, 3.07)
mario_model_mg.001: (0.00, 0.00, 0.00)

Time: 0.7833332
mario_big_source: (0.00, 0.00, 0.00)
mario_model_mg: (0.00, 0.00, 0.00)
mario_all_root: (0.00, 0.00, 0.00)
skl_root: (0.00, 5.62, -0.56)
leg_l1: (-1.44, 5.72, -0.25)
leg_l2: (-1.45, 3.64, 1.73)
ankle_l1: (-1.46, 1.67, 2.13)
ankle_l1_end: (-1.86, 2.19, 4.03)
leg_r1: (1.44, 5.72, -0.25)
leg_r2: (1.73, 2.91, -0.76)
ankle_r1: (1.93, 3.05, -2.75)
ankle_r1_end: (1.94, 1.08, -3.16)
spin: (0.00, 6.59, -0.56)
arm_l1: (-2.57, 9.24, -0.99)
arm_l2: (-3.87, 9.19, -2.46)
wrist_l1: (-5.03, 7.75, -2.78)
wrist_l1_end: (-5.76, 6.03, -2.74)
arm_r1: (1.83, 9.79, -0.13)
arm_r2: (3.64, 9.80, -0.90)
wrist_r1: (5.49, 9.96, -0.63)
wrist_r1_end: (6.97, 9.63, 0.47)
head: (-0.54, 10.83, -0.52)
head_end: (-1.49, 10.63, 3.07)
mario_model_mg.001: (0.00, 0.00, 0.00)

